1000
97100415 106043166
45894331 133325078
5056755 93038357
18745732 19517913
23641989 28763480
45695260 78092244
877206 57787714
21511298 59960161
89568150 116691635
64038423 121621945
14603958 105888253
18625026 43927503
60188212 143975387
6899319 64064662
50326162 109653807
84293092 92415130
81966524 102826183
14220101 103330592
42954379 64080884
90319654 122108215
27571361 66337966
52248293 150958863
23629954 62873940
70316811 146810539
72040937 106306443
98200405 144909490
95306949 195031507
14627563 42294206
27239986 92451044
82560309 106768115
49619904 146384266
30376172 129970375
14243320 72340004
42704540 62605797
19721300 34456418
15973156 75501728
44906934 99804879
96076295 117683799
42649975 43704740
83771343 154844286
86475727 167366652
79879029 110600237
94398215 101424654
85432295 159322510
24220633 118861100
50001596 96362056
36950718 126928912
64638536 135210770
77760784 133081973
39647885 94093691
61263753 88387965
84786009 89117020
3308793 61370521
76574705 168973613
38356209 123367185
3371856 80435006
58749133 145947012
97926022 144421581
70753187 165450616
48343344 116396747
61987718 161662984
60340088 108074235
12500882 40177268
93505297 181181976
47635615 64460625
39412833 75444468
65693032 126479606
36338135 113578328
5359536 61807548
66785925 83488483
22630755 39556280
94023141 144925614
43797408 132853730
64136694 106776230
7904916 66499011
72010030 123686705
34576759 112673988
56405203 70242138
4109891 81679835
33770941 56517721
56378753 146246259
70128774 109418626
16028902 76534149
49513232 90694020
45861242 101641673
42354864 77732773
79725700 142092092
45180412 117984817
30563598 82429683
30712564 94210421
62743891 108907997
20730532 70023654
72366781 87043302
12887788 30061795
46886892 117669880
57969049 83331194
99693427 185095067
48701868 59223754
90391599 120860224
9155708 24394310
76856880 153537258
17744451 51159349
28054734 67315470
69010070 156233846
70388029 141744461
94489403 172547540
63046198 140402726
35220773 90845743
71963904 85549470
41748274 48597451
82279260 90398028
582125 858096
48200429 56841021
66008270 107150938
74030248 105045083
46903686 82416387
57077568 100649835
24312205 120435478
88991611 158931023
60839249 85790108
23668490 57583184
15022729 32625683
56161296 94376520
19075550 50163010
76952221 79182769
2991591 35199459
18284400 99553506
96482384 178948985
86915989 102938352
78133813 171953777
85028224 130047351
45946114 69358169
49897165 61686448
15549527 26484938
22300704 120569543
16206627 85585154
51606487 88078409
40841431 49421194
2426501 15887794
22255084 90530986
76033415 134438653
98642506 161582452
97102097 109368456
91161606 93392216
10412027 67513195
26803181 105163968
37817193 80645179
82727852 119602258
43420761 94606241
91433500 96032794
1407273 80239620
27029223 44572979
66232086 157168433
6554453 41777792
81024830 146169190
22223891 118279607
65036742 72580719
74912148 89671430
70132183 78630814
51052336 67206786
59330541 127767201
85005962 171807807
30552260 43116302
43736426 58166517
3884825 6684235
68904094 75321335
52375005 112323835
44076918 68064280
23004685 49904047
32573411 71771471
32110524 68488629
22293207 104440906
90482245 110443503
71499511 148754001
21303218 90468213
47797228 75283332
57179536 96137579
71682801 117560728
88356532 167351461
32731305 131329714
82307245 108111617
66552426 132144036
67306024 107373786
42153472 116072480
63692405 68501446
53635639 55059856
69041439 152869588
95938632 152677204
70352453 166589622
68193514 88947339
66327841 157301055
38703594 115308233
50998414 57503232
56133125 120211958
661600 91515660
42291813 120472461
33400393 62374840
7581352 48148270
39158021 82982463
41385125 62852050
71434032 120407836
54671232 106629819
95962996 103799836
42683800 110919585
71206290 76807881
68515786 161016538
85591425 93824116
25678309 82279443
43364896 58683627
78377050 166413191
43397447 128856973
49830583 95741177
27161056 28418307
95805238 133543604
2197029 60892359
2038771 13015179
94766353 183237531
69792471 93043898
78631972 171415631
2219341 20887674
77026979 83555964
83244895 158518895
27419361 67532813
55003925 75389822
58758244 150728437
3698898 19932854
80335534 138185896
28908433 33687617
10377171 102063330
72319404 100713468
64650858 117301271
68568315 74177336
62379318 67940232
58642221 133717207
78315462 170109725
68011511 142372470
89180332 172009465
82334964 144768352
33630082 85040737
2690935 22504961
10801698 88533663
57127239 113935869
79554707 105925747
81497713 173901609
97519932 185366675
47268197 142293511
99359998 185736367
35222644 122574530
84190032 164533120
64518468 128836532
26640793 81482340
24847915 123902801
61468176 101472460
10467171 77539191
42905155 72205183
64119558 135241742
341383 10286801
37095860 68977900
36788950 55793362
54333028 62307007
12314827 101526863
50453187 114147497
61137713 143356718
17860859 113124823
29844875 89090587
5802466 31503629
6225214 34888365
60551873 136646652
27256963 67201798
42935145 109541808
86706234 87527881
54524000 60402904
10519027 35835436
50569810 56728043
96814481 141920788
78124136 122462367
2228935 83791319
87583851 161991481
80198074 174470613
22018821 23132930
99728581 160565072
4999554 97027076
67060071 124638526
11027679 49228734
29246503 119137901
72582130 145599533
8995262 25234506
40618925 71100010
66467627 90112307
5573728 29343997
92355332 182794245
84015798 87706877
58857880 121465367
50755054 103557940
54694215 56134689
16014148 74611593
19030982 30811283
29622357 117059648
47014786 102386662
43191526 122298858
47468212 129008379
50981972 143567205
23755975 97944827
82766228 108309156
69698324 161818219
26508110 26924330
721706 32288360
79275314 91153396
8974068 15452511
87849409 152084963
35036724 118149204
72909672 129728304
64728236 78872940
88371633 127079616
23786244 42660990
37552541 131973392
95350584 165603581
24359473 48576787
26271366 32298608
38234213 126316737
65121309 157022404
67693785 132790540
38094937 56272933
47235609 74189874
43140263 68997753
40398219 80582702
49378614 133412992
58785488 64704751
66646804 145093444
83853026 173000174
43758057 136114043
56683427 77285986
74026334 165797036
62546646 132064676
65717821 101364929
33848085 64626938
48708645 112021801
8093853 99998362
86829640 179986711
53641533 95054843
97000073 98751181
38480390 90341216
14897531 85175787
37672819 135701647
1231918 37016499
83622842 95051370
65603217 130727676
44006074 112384278
2570240 101656517
22235057 38982939
70949110 84313158
80055328 124560327
55070927 121096438
42870087 111818320
18281572 102717791
50248743 112102144
8332353 61004691
48918986 62336904
23710475 67868280
48312170 97334870
22208648 89653024
83361730 117838891
8450823 61251427
31499146 77280314
82871544 103537254
17134283 78824777
17940930 41484448
67479867 156699882
85695139 156164154
41583176 140722044
56301263 110493356
97335551 161754799
86013691 184591951
49246252 113466193
14237367 80338263
88345449 162929644
48659948 119377493
8010081 96801735
33882441 127815316
76928937 85777651
82404985 147630034
88730888 126152021
53492817 96396581
21234414 71706132
20474158 77287897
30105067 129115753
2808 27148571
95864424 181537247
54010998 80192234
48619438 144961562
8526261 83757816
85703489 91027234
99456374 197257801
68647623 82660541
98207301 165646364
18424670 25987925
33903404 112996641
78054348 141844514
19803934 78851010
268899 43699723
43069753 98776671
49306065 125207325
99684625 102280127
82022861 97826881
1938685 23978517
61733134 77616277
32151416 67137164
36965398 98258405
58052602 130261785
49067882 107796225
92693352 134886207
86779250 186166984
1279643 64639335
96643895 139974330
43089798 143086740
95023321 189930862
30374781 118491316
35784900 129377368
15114745 97044069
88577128 93957957
26688016 63347919
45681954 117106769
5426838 104258711
7844641 104912569
53720664 102121653
39349194 96223411
21693703 104973086
71239795 92702226
16868569 110392364
17350545 109502647
60140177 105776638
30134183 48436246
29296062 43870076
67885599 109562638
34688361 60427208
36460517 61055477
16214729 102751595
35488841 134878123
6942781 9424031
34526635 99434227
98072705 196758812
72359070 103216902
26375323 78323005
90083053 109295454
12504834 20710990
22336694 54665515
52286242 74839043
1537469 79222970
81148234 181059998
45705053 130717237
32359450 47387023
9079097 96450759
85431648 128028997
66796585 108391509
66394048 158389006
86061057 151280047
72220361 99157642
4219938 7307844
95460532 190089395
69946439 150061538
36336204 99965661
93133599 102577831
30569133 80731668
78771361 101408464
58587273 108120207
80847191 101201081
83599169 86479922
87932602 144717219
68008932 119785763
88407865 169480458
79334548 116287491
87678073 144542201
42900516 57152215
42235421 116031557
8016339 9628806
88886348 148744332
29211141 49469032
42700845 108714598
70325692 131598515
59950424 105851338
90847371 118454791
49096015 59739946
48263 8641734
51023742 80915431
1100565 89832612
97365376 123422633
5548563 94725045
76535363 133122529
99109120 149267690
35995739 71032298
69360878 140615684
51648505 141993070
31622274 113245192
80802148 169484954
61387278 121556321
95017756 164318066
84447647 101122598
10604264 65726545
84160280 122378072
79545581 124872386
46664073 91131239
1628927 22437443
92853131 180198408
42430371 123383072
24594874 44553297
21986431 110260845
43279653 127205557
4936888 83515501
97173825 102761718
25753486 124841088
16551603 24983242
19613653 50824024
18913145 84396664
34804801 50500098
55484567 120852951
68336397 120210790
36482569 125893318
69536327 102634085
10175475 58492470
51131838 52081264
93866806 133615662
56986945 81537470
97225592 108760051
79713581 105452139
12284853 51628332
97599617 97657410
10552243 38468378
40038178 117868330
53426852 147485463
31443033 96236937
43420186 60096022
26881053 54451481
94847804 186839546
71797469 119832669
89443850 188124410
7785368 35669777
19320077 44559017
93311146 125098903
92602441 160966091
14601548 68413571
27538559 37850453
75543261 163603181
92787029 111280550
73144131 85952812
7169221 66671537
65143837 94998197
46176688 112222403
59158099 106937087
96324871 195785468
74093724 78289877
53166829 131516579
92555588 135498473
493047 64095626
21005361 118923145
91449238 147317269
42861062 65792126
62518969 121952288
58006282 59619989
46337415 145863362
10038400 24707646
62044292 137571860
93899802 176603443
13179700 33455184
61813187 70467933
38431952 44677315
2081884 84961631
55921355 132661080
5934216 74796257
32402775 122646632
96597347 158631852
102706 55354689
82488015 103518090
89230802 109851264
14754091 65175510
18195201 25838948
81441542 101610293
27489533 33850738
28625674 94214177
58979710 119720150
42637271 112641789
39883022 87532731
52121613 138920118
64030132 104304002
58579391 135928742
57213453 96727249
81337061 154814802
68910381 145060969
83982256 163842677
64364974 103746914
74303478 95955869
91133456 154592188
42788386 124306388
13492475 98813578
93539597 172830250
47368718 50340780
98832807 165284439
29627382 35521164
35060004 113592017
52624027 130780496
36752564 47429673
83043118 94288426
61143619 77564201
62292784 157010253
62242766 101349597
8825220 41128330
81141170 133705508
78325553 116752301
32488450 41102176
61004672 137286153
27252066 65645018
18522897 78292319
45855308 66870330
45117792 135349145
372609 61416649
33194010 97947984
96746961 101362879
9728071 75100425
43032179 68763049
17082648 26506849
91993749 138890956
23705236 112790991
66475776 149068649
74457856 139170624
50469960 128146183
64894964 110623495
91220102 180938430
93240862 137248493
95730740 158430196
6633247 25529568
61185562 131964404
14535212 47079028
31594065 51820965
44835112 139220166
67066969 85956652
49416378 87620758
34482438 87566866
48070947 77469132
39666501 82516284
80693175 82054850
61546521 128085479
27456979 43945693
81191528 104242322
4658154 40248825
91898987 102858154
62764002 142984284
11408651 63366054
99401659 108338235
21100101 50829102
10016057 78338909
7310325 45031405
22287550 24902641
78088934 96687725
85018471 86761575
55458070 152217438
42434455 81959892
75092118 91709888
71791327 103243776
68635946 138387812
6479858 77132768
27960043 123955281
98389479 159678257
44014981 80442945
87229392 123220116
41445402 124781956
21800556 38148630
53226232 147284520
27989691 67929609
39936536 97970279
18191210 101362006
82407885 162253704
33693106 44242842
17741090 83232404
11265570 63063269
4447034 67609183
24077388 87589948
54588165 71368198
74355894 100389404
6266778 12270974
96751147 123132473
95062315 182103194
53540604 124810377
2702543 87830642
71886737 159012584
46449478 105143806
95363227 166714948
79426606 122466639
50897174 138812058
34195432 77500609
72645163 147136062
26001507 113464681
30242947 116464774
33376195 61644990
75725795 118155278
22425993 62465208
2988020 69861401
94399149 100746136
66286333 93595912
57968621 76901182
27049015 79749579
51042039 116624862
74221775 134230896
8852567 55579695
70028708 70552318
15157217 98818100
68713946 164322728
60041400 91444903
26522214 44304421
56622270 67322464
33725239 118628969
16690608 50634424
52154395 82054451
32503624 99690904
80462135 158430704
86305169 89815252
95166846 176196662
77666523 150343786
12684095 68940478
88462207 158933200
10536336 33256633
78637536 109842302
25659321 101543732
24676405 25731713
89676370 182924265
93673922 122769784
15767632 40745934
43305687 92131178
10725558 49651982
38682120 44053153
12169875 46622665
18669942 107899018
95467215 134590306
12134194 20587503
97593710 116366729
28129037 35424532
96690650 156897858
49772021 136270241
5643931 19517395
335226 11673514
37737826 123163066
48738410 62126590
66921997 115058562
21902796 47341896
71695667 150460482
64147099 96399276
26071538 31110321
6197157 55819521
62402640 111929706
87891040 116303923
15544560 105372200
40445646 118023646
77440934 148046851
67738168 157986451
93156663 160935342
85893232 155141604
60404912 64901064
626486 66469796
81834688 104124067
43540228 140470520
60061033 64011820
93806703 191632698
70194751 103495564
72480788 157075527
38047426 130278585
74119208 161985177
77222541 154609308
46580160 102776015
43676503 136642950
25619350 57253385
97999570 131262666
38522501 91010763
61256192 132723158
15056839 71763064
83521515 177944877
18234376 103356951
46602470 79023545
82026357 100659380
17882393 76864925
81170969 161837049
2926948 10809372
84956879 128064504
99994908 154478766
6531591 82062847
71894386 104291476
6284859 59506312
91249258 165771456
2290752 98159243
70637169 145411193
95653267 98282073
99419216 175247295
31257330 37864078
98431006 117461013
99125983 146662786
82661983 171536200
25270885 108050947
23947998 112079105
89052839 120385762
50911823 122244920
46001721 57277038
75663101 131941168
20426323 65649380
62082105 85984879
16302386 37319374
52370680 116088390
58287694 146610494
31418116 85310357
50078308 56669427
34591853 69813941
52452802 113322974
54492037 152508349
72821669 147678216
44619969 111868448
2447945 51763920
12571049 42641014
15900845 33556262
57842350 106668402
8819496 56947805
87750029 156858720
52663331 90108450
12258295 84246914
15513561 113685643
98953658 165048817
3678537 4225145
66971975 74869809
7550002 95497457
87809612 93719420
9591391 108212962
52122027 74223116
23797816 44740927
32870241 118262522
77428687 163878587
95853265 131607197
51114563 73480466
5531301 69407625
41683466 116265234
90950869 95529701
91966409 176136543
63147975 151838598
33291479 54014903
43139232 107882091
25076591 73619172
28844951 55391373
37459752 132045985
38177690 96946228
94598876 170700436
90579570 161960198
53433945 144330056
49810362 100942643
77629905 103328965
64191634 106031831
5927680 10550872
13452311 92607128
85813006 106102094
16433713 37625436
4377451 11334888
78488139 109696525
47665048 114300454
96707239 189677403
54315885 133698670
5222057 94506633
21443109 116253102
646635 19340006
30401463 68174566
92655741 142134078
47787989 112139831
46009967 132177719
83303769 181820477
30424729 124970210
63947228 150220371
21093745 70934553
48005535 139751570
1693889 9488686
11995813 94188471
11185923 62765521
38959405 69705425
11635059 57056255
32955871 39952213
33833368 72351949
52422370 140531039
36358997 66939655
25670715 101255802
17839630 101888089
15465599 86211561
32474893 34669094
87920825 94914053
94263341 188205762
39606730 124466767
8401089 8462738
2327894 84091971
17651212 78902445
66171385 125996234
78732692 125466217
42933559 48410714
79844340 91979982
61680756 133815684
69603602 105803695
68038162 151354762
78427266 171242021
94585295 184759148
62539477 145687082
7825868 75518646
70534035 102250374
91023590 97318372
53293088 63667100
52653198 136391092
84729424 161105730
45854773 131787630
62470652 143903002
79012799 92904538
67295315 119070380
79677543 172629611
4850586 75653527
34918224 45408274
81017296 112264524
49340216 147148531
88074484 123608708
9892538 10263745
91244517 116197776
2788736 86035836
51962088 148396634
79534317 179033365
76703936 117573700
23936577 122370933
43523523 61874504
24013545 97930980
1211843 31124104
72719923 124006641
71275465 164249274
56427082 83032314
17623969 83974456
2107029 84005707
39159215 100344565
33993732 45780862
51786216 102256906
68359296 150771793
45101259 48166105
73537454 130522711
81097245 83069024
47780313 75548428
98056219 98109441
35517924 63593219
89357527 167142092
79243052 129294640
69251982 135384386
17053703 78924526
14674169 86449650
92131597 152712318
2138411 12872664
31382831 35051114
62511096 108537567
19087383 35830705
80981356 121109633
1991626 89613474
73447969 95242308
8050120 49374070
78958355 97662386
92142484 146450332
96427572 99985193
4335158 21794721
60099710 119645080
25468796 88729119
87710928 172028032
72442015 168153528
20514874 69401112
63896891 92263017
16158271 42075099
30526717 99279090
90981411 109600209
8160167 75699718
59796030 142381919
48360121 72824297
71082031 72111177
78648366 93694689
2275975 61428114
66418078 161540776
54693243 68058632
15843319 51382171
51790185 73114033
51219444 116420587
37426021 40772062
11919285 91783837
6996636 20383080
20161915 102741470
73945151 112048229
67737457 117450462
61380525 105526739
86498598 175598059
68062114 74383955
8276865 18400308
48758644 69297388
60644102 153990086
92571206 169697564
9366758 17749555
9048420 25340917
35804345 96717968
23226513 51200344
58649270 96667226
2804329 26115914
23286295 117989504
15053789 95415184
93704232 164842210
