1000
89812469 183681201
83419685 130563637
99727870 199145874
42260888 100548030
5676638 12779296
18983448 61116528
75972416 121496294
65165032 108644751
73121436 85570235
82236742 165190435
40937072 79292825
34914306 83605951
83415400 146946555
22691216 80293206
5731773 79691396
58446231 60466265
70243936 77614386
30547058 32753150
33191717 58213228
59466324 158206471
86392522 140611736
18572924 46098219
22896479 46636100
12221179 42055240
81317245 161915313
33206965 34334764
53929611 144167426
83151520 146328995
82541341 152580900
74915799 165107397
75925619 133972690
59979795 91551405
57624025 106446373
3807758 60489296
19319014 40985262
20786323 96199894
38896380 49285536
64185331 75045865
95137317 178225618
67648060 122033212
30695727 123464616
92836016 128469897
54963143 128383316
4508223 15324994
20136468 100215245
19394823 94563097
70357888 88366796
30497658 107463254
11998496 105648439
21521596 50256750
85864957 114532388
37348374 42662404
62834415 144304760
95386087 170848147
19938214 36967354
64772376 162011569
80683375 124784610
51446674 145784261
61666456 65857940
37738169 76459289
52729640 97782836
92056314 133073017
2688752 100896941
81166124 156413136
83342920 131353899
78525022 79492666
93155190 178576214
9793563 105984033
49496429 91152870
16006096 96984761
72587124 130848948
45551167 92341049
12795400 28054188
14903567 94097516
50408443 105113311
91806659 117013364
60211739 110769170
67698290 139599553
17391700 44935771
51055381 53672312
81234767 155298685
10482199 89202897
20151760 94005064
87354666 108263971
79119300 141022448
52638672 116681205
44699155 136104877
26842755 126441571
98433139 130970709
188308 75528179
48993702 123970597
81292957 135442279
74030838 138826109
87298832 149661255
98779153 174119460
75288574 129474583
93431090 182819641
64402694 161855860
13386289 110204674
344370 43707331
55266267 80770244
5529812 102711503
48377870 118666964
6426969 81436721
37861109 70765623
88153780 129486257
56098028 61124216
96187942 188964743
25725850 62584984
49427432 68064451
22492604 64291171
57521418 119926388
75280679 127293219
49296912 57394596
24336887 89727684
73919851 95989176
99506706 100756881
80284866 128210680
26272458 92994958
19382987 62202838
88879847 187873688
26200561 67069411
36796344 103501110
21455101 45130249
12207233 34394368
28008800 118081066
10129666 23028828
5882503 68561664
82036897 142669120
85750665 161674871
64768373 119529392
93596750 109875502
74014687 133813461
52301097 99939437
10587397 90995438
49622613 76864985
97687269 100072196
11916520 49352646
22901082 33964843
73283497 94564441
91122770 103332220
22146159 81965416
22869282 106980892
4616709 13775161
77899261 101056287
49023300 85049381
57817139 110907203
72158186 170128706
90192899 102474956
46532177 53368571
55084792 63990643
18593091 88257708
49587717 136677755
15201409 104584120
50571077 66937080
32481284 73281722
75579833 133611633
56580226 129470612
37681158 73193446
68206462 125952768
78771867 169691572
56778348 97682089
35361860 88025558
39461633 76092547
27189789 49442027
63619302 108594426
86171847 152477356
30322649 56071771
35077320 66384877
72451535 150730984
10192073 49510361
10933819 25045042
57462052 93175481
28035596 56064894
71212360 131272288
41586645 108266022
61930402 123925544
61169599 116508462
67140910 126139114
32592130 121936578
22572832 44900033
32189131 34290658
16332201 87000066
38101481 82462996
96428660 104136793
90389543 129515907
11666131 63714196
74417697 97913700
32912210 95945609
1943714 55055587
18579283 64741559
56617870 138563520
68767091 154177746
87224138 178191334
65853614 110982432
73462397 113148334
31202713 68114702
4720974 103074754
22083077 48807129
57868997 72241722
18268269 51114983
46015244 52478792
72053831 139379206
5818434 78358264
35043592 39538127
30972562 112328243
79388517 105856302
53510819 62306509
18792799 37224649
73667218 135892959
9054514 49635451
33340588 106748688
10209894 74814965
84129009 135795528
89440977 105517929
33081848 105485945
23627389 32205751
45134979 140012403
22521489 61802108
81847343 115272176
45520947 52042380
26762837 108558682
51921066 94645156
67047231 162249659
9988704 50352021
23736797 80937096
17646466 19008089
80450703 116380488
84600615 180231003
94791859 128054382
19828601 78169107
40504718 57003264
18629498 107465786
43150410 91237548
94956232 125468565
22481482 78972715
81549324 172834592
24146699 69418407
16143350 114550492
93395592 106374015
2970403 80958252
61138769 89371429
60299851 147556931
12235067 105645699
53305777 75780817
44529795 91558264
99330460 138989068
23621061 109118625
74331319 148540611
52529665 82642807
97176875 112849842
97068142 170355258
11726166 50946926
5353549 76993485
79884933 108476245
22307838 120120156
94829386 138544118
27392424 36447206
15470542 58948136
77566103 84090449
95231905 115388866
94722706 103176343
83146582 128705480
86701439 181520343
8488879 48948471
93739892 186465507
44380722 87234187
7667005 59797496
8027494 30278371
36925688 115808193
41502710 118984823
3078245 97975466
30292232 35672805
7203616 73257856
34023421 99564868
43449477 62141771
83328129 154606900
65789449 138035995
21157240 87258648
31575992 48179373
51931810 53841091
24176890 100807779
59067867 99579818
25049291 84434502
33386134 79975649
32405988 131962113
59948990 98845710
79706123 171523238
35316289 52324894
35201700 81461905
81493168 88129904
17159293 69992885
13991910 72385950
32397014 78676306
48824830 138533443
2963390 24258892
50317323 131240295
54485122 74390318
20329623 41816143
91578476 103153715
91363241 160234907
91807550 119566934
77566232 109770040
77412387 161509512
46711059 79577994
52482785 119518004
38041913 90914256
88769092 157025557
36240554 130804750
51830705 122232906
89678824 143742781
28438566 109406103
50871978 87680344
82505250 95021166
35281529 99428862
54714666 154644139
47398390 147393997
21058979 106330085
1492407 1919235
26650457 85096098
17126879 92670808
85281871 138164953
30092892 54947035
33010464 130287958
3445202 55890364
9900290 49668240
86458524 169685653
458957 22051598
97328469 186428432
31223875 58161247
16189294 77857029
1945036 43921579
13954743 96407355
59180491 150226191
83995130 109370365
80777623 147430231
36937989 110184616
65669247 139772825
22620170 69012336
25647702 101111467
55557321 109750871
77431497 87546749
43171291 80936072
84464907 108489031
11715650 54392198
58363482 108425117
76199029 147810961
78196542 163649968
51828406 79744177
59130825 63206808
38999716 134919212
19321318 103952990
81110614 174695979
5260247 15524830
38203356 84458426
70561457 83397247
65912354 77826450
46993040 66909724
37193134 45232139
13637654 105734263
4769486 61636358
10732511 77210354
74148454 98887391
97249068 161655275
25651053 120216607
17387543 48357434
79023605 144391418
37577333 82524084
46375257 82917675
20379980 96464359
54885589 98031212
8911199 18664449
19476785 67919466
48338022 96676897
48229077 117799832
41926346 127485720
4979653 56126503
81717586 176153062
92231470 139825666
46549427 93500987
78076486 163671108
90168324 152091428
94347882 158668391
36588850 37925596
74941807 169954336
34473816 120361686
17152613 99705831
5150979 77116589
76397157 110108632
63856530 120840436
40475096 56467482
5393795 66369708
10651423 54280533
57977998 114052065
34652222 40390270
65903330 83767552
20438883 87591515
32446358 109123382
9408194 25628254
43799652 124192324
27893813 97922682
16401366 70263893
59774150 136914884
93756324 101384842
81575632 130581435
84433412 152686842
55476333 58189389
26254540 51827045
89904066 127361259
4601156 10684851
83737928 179999195
33922771 45460334
93473701 119933889
20376451 57613075
40164767 127336651
40807202 76546315
18362854 99244959
7263462 72171627
17903342 110899877
4511093 30953148
43205207 112866465
22283798 118727744
24537735 77507464
32340148 68221323
46728660 83474782
68393581 159464179
24968711 50858124
39513754 95157239
35864392 124936355
1868171 33339481
71654916 150490817
17923762 31728469
93135738 108918516
68478962 101851478
49822516 76809438
26005466 38928065
66209068 97337801
80229115 91286351
14438240 89805460
35503916 40602534
46040561 124885742
38757391 113847594
61270103 126109290
6781456 20149465
45296956 71996823
56789300 110362765
39294344 108989032
20609811 45097100
72343528 104249636
34188787 83949967
29535369 63542121
84772675 115139278
53417159 117984692
88315482 170496433
63968444 162555509
16593268 84905888
33086846 121128895
68303860 133126105
84397801 143021191
65511573 86571313
20860880 69668270
88298448 152637123
80712157 155823289
89293810 161358752
91849538 170190133
76163120 110353790
40226828 45432384
83173629 110433503
41627296 113157109
80405802 110544930
94230079 115294201
39751964 44699621
83223564 127110069
57594772 129500234
85641 16067950
96849574 132076939
91750929 186960144
52551961 63705662
54954210 66382954
91945872 101956614
66537000 160048631
30784767 69662710
54727065 85050706
68764793 140799134
13297937 63945122
16320461 92044208
89425476 118163831
26424943 109682379
7285166 25303789
44994365 131912927
17638857 52813960
99045131 131120099
43893584 76542204
79571402 154270735
11950114 92982687
98563361 198474925
36815390 96941620
9192870 35608347
82647256 121812333
33586051 110328996
46633514 53737713
48169639 62083424
80068682 101518373
60553244 61373184
37598826 129039601
5571843 38918341
72780004 166238654
34971516 44281244
9216229 101523688
2723419 65605238
89664708 135673246
71234342 155911951
88793903 125400790
74595884 140419501
62268794 79817971
64218892 64885685
48615163 65963904
74975851 113068150
33198704 85529424
79941075 128272470
93567426 138153597
98435254 153783178
99465939 109030449
91914453 114022395
65493024 87452252
83006733 143408941
4935473 18707369
59772586 142770467
20298572 109165475
25510871 87300563
85989139 135337960
40627524 63548043
30243431 36044898
15578793 24720456
64398773 128969236
51403764 75434121
90077233 136834710
91607030 150062296
64789306 94731474
25379643 33782672
31327500 72293547
4969437 65533051
11825484 77262133
57216494 143730956
13550364 25873742
91932719 189275422
54524317 120246191
33032681 62174956
6405998 35553148
29045410 101876984
89690592 180659147
69038794 142570535
2019177 94480757
26229375 62251245
5106045 45387674
95641382 150708177
6006953 77509693
4910757 37098246
43036273 75114623
69850309 123363707
89952549 112042699
54193524 91080661
79748066 139881595
79762271 143363282
99866387 196503793
5731800 103531807
52495041 88472220
77563080 167537145
21381829 80792527
51461202 61222447
12895111 104760941
66181237 120261372
74347897 138887443
82458704 159675350
78615760 87060603
49192773 147684893
56527250 113303277
16589557 115557886
10629070 54073389
35504584 80092026
24273221 100291488
51750795 65579364
3356813 39731207
62220463 141632297
27885158 99598546
24632017 90544713
39428284 116895863
82183335 109952117
2454133 60930369
6929270 87813478
78170792 92143029
44036427 85190567
78476614 106462224
69107305 136096788
31162884 72068640
88807002 122549809
66459939 133778103
92887149 165280835
59537506 63840338
70075633 120352091
46906564 132819105
38371346 105465755
89392904 142456273
8548689 36883570
12524574 56066928
75234353 154060796
54381522 77805229
94716347 133229190
22701944 114869061
73080615 147598734
1896925 81485120
28762629 96597168
77343451 117693033
38822521 119327757
75294758 155042535
93788178 141971565
7316744 7589165
87654064 168259476
99681710 129618130
38442959 122756904
13001590 48189308
13011254 19896368
12496211 90251456
38851087 110767017
70321933 159860182
11326673 69593580
81285917 95763975
72678106 139056912
69776379 70837356
44377924 115452109
4170940 19211286
65742592 90699010
4314019 79069507
68825721 91377294
13933636 96562865
81555959 140372775
5705140 19454227
34298860 81596532
23973901 45052285
53983531 64665847
77067051 117154841
37528379 73385044
66666775 141109089
88762739 111537111
17603381 52595742
45243156 56519307
27680644 120905562
44460577 82524569
12619382 14779442
4568203 47865868
82489003 95043818
39249349 133266424
79756763 159657705
52153014 139701760
66343994 153717691
65326517 95413068
4200954 103751443
28609831 121263628
21719802 113079897
25124505 47620137
52603396 86728439
66429550 75624642
64928659 149076838
27322206 33329047
81917904 132418410
84225860 116113632
41312679 73666557
69129168 116819971
76820632 100719684
18791926 65027159
90431197 177160940
2253660 90686710
52653312 53648523
8244406 20397328
88292537 161294974
25459303 29135600
90865332 187896811
94789163 113877488
9120686 76785488
80870344 122599411
9869409 62870069
34829566 53882600
75087180 154866819
13781393 96570835
14725405 74740699
6070866 92313568
59181036 104942383
24991196 100285004
20624323 58296790
37595414 93935081
19811078 81212306
38974832 108494635
46104348 68170370
38432411 45844412
74383067 85911017
5687470 48313288
58038384 137915502
51992987 111812428
15126609 71841040
55012982 151988131
87750196 96615194
37717304 66988491
60981955 157013281
62918101 110685602
99070815 151612807
60129432 139560350
60004712 151957575
96797441 131444793
43107347 70376127
11675990 21465937
65264902 93858477
63903296 98456967
43417982 112595512
35007975 54084036
52532805 120700904
50390964 140638458
62227661 80588174
14161648 78485443
88686893 122505138
25782678 38860643
41202876 57336011
33876304 48415698
95440792 138621133
67050257 104480761
30840724 43217586
24317980 87184667
70963581 106139326
87222296 93711063
80473009 171974325
80952437 87194525
81950830 109795145
23212152 87231071
3209708 98817276
50502321 59497479
5577167 57459597
57758884 76095860
19023193 70298170
28485643 28521404
45038384 94211645
95027089 106662845
17784388 41564948
66203454 138356147
30834919 103901937
19478200 74778465
23884197 68541393
73875177 75718145
6156754 17967824
74356157 164582545
72225750 137376264
33086141 35219554
34384894 112570764
86778841 139627945
13085826 80450468
71551926 141613787
49832976 142667451
64260406 128523905
52184478 77446566
38640866 116576155
29169023 30421054
93544675 119743983
84466414 130575953
26832773 27466360
53204408 126349289
46880812 127249354
7110315 24095845
95002942 122758929
30180391 123805145
95364245 167672832
98772357 137942789
98008497 101075223
13001030 28547532
56381361 120455612
86524428 109643622
24999063 31151960
84688778 162569523
43980393 111547611
56508954 135840360
19220820 93205954
34984563 70486957
42862526 123803000
68471260 74471597
34873156 114676451
54985259 66551263
19143211 36913183
6646409 23786482
85651957 150785901
18928145 58528713
34703445 130682071
79869088 121359131
51353274 58847314
42839078 107626814
63798568 88175947
37383720 88996258
29271873 102366294
88388168 103674599
59692493 151276655
97774910 101347408
9233922 41855844
7019132 16375447
333088 96128159
312432 47983652
75869371 93962556
36050303 50244529
53540509 61344084
38227560 57801085
48567407 78957530
1401188 19075272
48629413 109625505
15244312 71722441
46051354 126179252
39886576 42681508
96063625 191038339
57835586 119340527
34677186 63893757
4084621 99124700
57306884 77759771
96702899 163306809
68019036 157151602
310196 2531727
70508210 160361327
82180181 139067407
83546972 143764520
85221516 184517029
1045988 21071677
83835790 174357757
39024890 44474871
39424339 67726110
20634639 42958151
20447969 57395586
97608434 121855887
31301453 130985094
5098367 78041921
9759441 52265831
6881738 99300007
41138871 134154156
5386014 12876223
83231674 172569475
79267002 161325372
29950287 49743645
78248527 119627347
82970926 115268163
8315813 79439738
1025043 79320433
617867 2622112
94724713 120007814
13208603 74606323
28055666 44870870
88774450 105716062
74329826 116056588
78807768 103550947
19937959 90595957
93201278 160494248
77545969 103288831
3811056 39989210
87254256 161049486
40842854 76274386
73743645 106241553
46270628 65628443
24921115 61138871
74417783 159707976
52813587 134883449
63279644 122623674
59829521 148187580
63173860 79805787
30219372 87624159
43508977 65227562
14443795 18403081
92744401 147404703
18205945 53897998
90108564 108053722
98137626 191628169
43253751 80755587
76418211 161361500
41200181 77698756
73548143 133640427
36105656 126752089
59959328 151265972
95776475 106382045
57339728 135645986
97953262 112009372
12201351 13208905
30075556 96397530
1241947 52366534
91421792 190176090
15694402 52204543
25998943 119279290
35893402 103013836
68985175 101393740
52752103 121288601
42545808 104581674
40396492 133722725
53913866 110932269
31524192 124296622
69390866 149420949
32205498 33853110
53330622 105197467
16174493 25666196
94657844 173385462
62565526 72521301
1089760 1860671
71051041 108490724
67418851 79807408
88521437 143513198
70631375 109497151
41096989 73769370
21397175 36501897
42702798 46682595
2586955 3082358
14638617 24257334
56361663 125019977
22408981 27663034
81199722 141102991
63550164 163396100
10298224 45268558
34809739 80736916
13669322 109732674
18974545 41836343
83600651 83641736
6357549 18796045
36341052 100511298
41402074 103814689
40929991 121109386
63857945 80863178
52263858 135262230
14188482 59920291
88614250 155237589
2683683 34806121
7201979 33137798
63346502 142069825
82364619 128793415
13511993 63960917
33962112 46832799
74875709 161982301
41862655 128072822
15281919 104513314
8939582 82386882
57244008 66345739
57222018 91043982
48925433 113353776
60033542 105166663
84557229 167684307
39715681 59612484
3688163 63238947
36487525 56263601
17600783 87643351
87466981 87780596
43741671 133163931
57738037 142202540
30197022 79114156
84482110 112700125
4979346 11579953
43371610 109591682
32431188 38567465
18067642 22125036
50568768 61312912
59604067 99302218
4565791 30192617
1357655 40784433
1720750 25259952
6083788 29679783
49244190 140945275
14010361 73796030
87933608 120712124
83003714 84631427
80835601 136716953
86301273 128197207
12527536 23405903
79721376 163427100
52127596 90083355
36305183 43404611
1227785 76368609
79995342 116398204
87302306 171868055
63179836 65432520
56762985 115005009
3951428 59949074
63381135 152645092
96185283 102062240
28254702 52454012
30888731 114978316
66378231 79167606
95780679 107256095
29292214 93735772
75798289 87290101
67109111 135064572
33497774 93611386
20282930 21762434
73102062 154757501
3795491 49754207
67352328 162436858
63596895 88321340
58033263 110559575
15719250 50029311
70546198 166351203
70930218 92243725
87952032 92404264
91397604 189756259
67623244 95813357
14454984 59889368
50187861 81554959
